poza (1).jpeg 7 12 2 5 7 18 0 0 1 1 19 21 19 1 0 1 1 14 2 4 1 1 1 21 11 14 5 0 0 0 1 3 3 8 1 0 1 1 24 19 16 1 1 1 1 6 3 3 1 1 1
poza (2).jpeg 7 25 1 4 2 2 1 0 0 18 20 22 26 0 0 0 4 26 27 29 0 0 0 1 11 10 10 0 0 0 1 20 18 16 0 0 1 2 9 6 4 0 0 0 1 15 12 9 0 0 0
poza (3).jpeg 8 1 3 3 17 19 1 1 1 2 26 5 4 1 1 1 9 27 27 26 0 0 0 3 26 22 17 1 1 1 6 21 26 27 0 0 0 1 23 11 10 1 1 1 1 25 17 8 1 1 1 2 14 21 23 1 1 1
poza (4).jpeg 7 4 3 3 4 11 1 0 1 1 25 24 23 1 1 1 1 26 22 8 1 0 1 16 4 3 4 1 0 0 2 14 2 4 1 1 1 4 9 7 6 1 1 1 1 21 16 13 1 1 1
poza (5).jpeg 6 16 3 14 16 17 0 0 0 7 29 24 16 0 0 0 1 6 4 2 1 0 1 11 16 16 14 0 0 0 4 14 12 7 0 0 0 3 21 17 10 0 1 0
poza (6).jpeg 7 5 1 5 1 1 0 0 0 5 28 27 27 0 0 0 5 12 6 4 0 0 0 3 21 15 14 0 0 0 8 18 10 7 0 0 0 3 27 19 13 1 0 1 3 28 23 21 0 0 0
poza (7).jpeg 5 19 1 2 8 17 1 0 1 1 13 9 6 1 1 1 25 1 1 1 0 0 0 1 24 22 20 1 1 1 2 2 4 9 1 0 1
poza (8).jpeg 7 9 3 8 8 6 1 0 1 3 11 13 8 0 1 1 4 17 12 8 1 0 0 2 17 18 20 0 1 0 4 23 18 15 1 0 0 9 20 21 14 0 0 1 3 18 17 16 1 1 0
poza (9).jpeg 6 18 4 7 5 4 1 0 0 6 27 26 25 0 0 0 2 17 4 6 0 1 0 4 15 11 8 1 0 0 7 22 18 13 0 0 0 5 27 24 20 0 0 0
poza (10).jpeg 6 7 17 1 2 3 1 0 0 2 28 29 29 1 0 1 1 12 4 2 1 1 1 2 1 3 11 1 0 1 6 9 11 14 1 0 1 1 28 21 14 1 1 1
poza (11).jpeg 5 22 4 4 3 3 0 0 0 13 9 8 7 0 0 0 1 15 10 4 0 0 0 10 16 16 13 0 0 0 2 24 24 24 1 0 0
poza (12).jpeg 7 22 5 29 28 27 0 0 0 2 15 5 1 1 1 0 6 30 26 18 0 0 0 2 23 14 6 0 0 0 8 27 21 12 0 0 0 2 21 9 2 0 1 0 3 27 16 5 0 1 0
poza (13).jpeg 8 11 3 4 10 25 0 0 1 12 11 19 5 0 0 0 6 1 1 1 0 0 0 2 22 22 24 1 1 1 1 23 3 5 1 1 1 1 23 20 13 1 1 1 2 7 5 5 1 1 1 2 4 6 16 1 0 1
poza (14).jpeg 7 24 7 18 17 16 0 0 0 2 6 4 3 1 0 0 2 12 8 5 0 1 0 6 27 23 20 0 0 0 4 25 25 26 0 0 0 5 19 11 5 0 0 0 3 19 13 10 0 0 0
poza (15).jpeg 8 4 2 22 20 20 1 1 1 1 13 8 6 1 1 0 3 28 23 18 0 1 1 4 27 20 9 0 1 1 2 20 8 6 0 1 1 11 29 29 29 0 0 0 3 25 14 3 0 1 1 2 19 11 9 1 1 1
poza (16).jpeg 8 13 1 3 7 14 1 0 1 5 8 9 5 0 0 1 3 21 20 18 1 1 1 1 14 2 6 1 1 0 7 13 15 8 0 0 0 5 9 10 14 0 0 0 4 28 29 29 0 0 0 2 3 2 4 0 1 1
poza (17).jpeg 5 16 8 1 1 0 0 0 0 16 21 24 24 0 0 0 3 11 11 9 1 0 0 1 13 10 6 1 1 0 2 6 4 2 0 1 0
poza (18).jpeg 5 20 1 15 10 8 1 1 1 18 29 27 27 0 0 0 7 25 19 20 0 1 0 1 30 27 22 0 0 1 2 18 9 12 1 1 0
poza (19).jpeg 8 5 2 5 5 11 1 0 1 3 16 12 11 1 1 1 1 19 7 8 1 1 1 6 6 5 5 0 0 0 10 0 0 0 0 0 0 2 26 20 18 1 1 1 2 11 5 6 1 1 1 1 23 4 9 0 1 0
poza (20).jpeg 5 22 13 2 1 1 0 0 0 7 27 24 22 0 0 0 1 17 12 1 0 0 1 7 24 16 1 0 0 0 1 11 9 8 1 0 1
poza (21).jpeg 6 16 6 3 2 2 0 0 0 4 28 28 27 1 0 0 2 9 7 5 1 1 0 5 22 20 11 0 1 0 10 25 24 20 0 0 0 2 16 13 9 1 1 1
poza (22).jpeg 8 23 1 2 6 9 1 0 0 5 10 12 9 0 0 0 1 10 2 3 0 1 0 2 16 12 8 1 0 0 7 4 5 4 0 0 0 11 1 1 1 0 0 0 1 24 20 16 1 1 1 1 15 4 4 0 1 0
poza (23).jpeg 6 28 2 1 1 2 0 0 0 2 13 11 10 0 0 0 18 28 28 28 0 0 0 4 22 21 20 0 0 0 2 20 16 15 0 0 0 1 6 6 6 0 0 0
poza (24).jpeg 6 1 1 5 5 3 1 1 1 4 27 16 13 1 1 1 2 13 20 6 1 1 1 2 19 13 18 1 1 1 1 12 13 14 1 0 1 19 22 23 23 1 0 0
poza (25).jpeg 7 3 4 0 4 11 1 0 1 9 19 15 18 0 0 0 1 13 0 4 0 1 0 6 27 25 25 1 0 0 2 22 15 12 1 1 1 5 6 4 4 1 1 1 1 21 0 7 0 1 1
poza (26).jpeg 7 27 6 2 3 2 0 0 0 3 7 7 6 0 0 0 3 16 17 17 0 0 0 4 20 19 17 0 0 0 8 25 25 24 0 0 0 1 12 9 5 1 0 0 3 13 12 11 0 0 0
poza (27).jpeg 7 21 3 6 4 3 0 0 0 1 26 27 27 1 0 0 6 27 20 12 1 0 0 9 23 21 19 0 0 0 5 11 8 7 0 0 0 2 27 23 18 0 0 0 2 18 14 10 0 0 0
poza (28).jpeg 5 12 1 15 4 5 1 1 0 13 5 6 9 0 0 0 3 18 14 10 1 1 1 8 9 12 18 1 0 1 3 4 2 2 1 1 1
poza (29).jpeg 6 26 1 8 6 4 1 0 0 13 22 21 19 0 0 0 3 22 18 15 0 0 0 8 29 29 28 0 0 0 3 15 11 7 0 0 0 2 24 17 12 1 0 0
poza (30).jpeg 7 6 1 13 13 10 1 1 1 4 23 23 22 0 0 0 1 11 5 5 1 1 0 16 29 29 29 0 0 0 2 17 10 6 0 1 0 3 26 22 20 1 0 1 1 22 16 9 0 1 0
