python3 disc.py "poza (1).jpeg 7 12 2 5 7 18 0 0 1 1 19 21 19 1 0 1 1 14 2 4 1 1 1 21 11 14 5 0 0 0 1 3 3 8 1 0 1 1 24 19 16 1 1 1 1 6 3 3 1 1 1" "poza (1).jpeg 0 0 0 0 0 0 0 4 0 1 1 1 0 2 2 0 0 0 0 0 0 3 0 0 0 1 1 3 6 5 2 0 3 3 5 0 0 0 0 0 0 5 0 0 1 1 2 5 7 6 0 3 1 7 6 0 4 0 3 1 1 3 3 0 3 3 3 5 6 6 0 4 1 5 3 0 5 1 2 2"

python3 disc.py "poza (2).jpeg 7 25 1 4 2 2 1 0 0 18 20 22 26 0 0 0 4 26 27 29 0 0 0 1 11 10 10 0 0 0 1 20 18 16 0 0 1 2 9 6 4 0 0 0 1 15 12 9 0 0 0" "poza (2).jpeg 0 0 0 0 0 0 1 0 0 0 0 2 0 0 0 0 0 0 0 0 2 0 4 2 0 3 5 6 3 5 4 1 5 7 6 1 1 1 5 1 4 2 6 3 1 2 4 6 7 4 4 2 6 4 6 3 1 6 2 3 0 3 5 3 2 0 5 1 1 0 1 4 5 6 4 1 1 2 5 5"

python3 disc.py "poza (3).jpeg 8 1 3 3 17 19 1 1 1 2 26 5 4 1 1 1 9 27 27 26 0 0 0 3 26 22 17 1 1 1 6 21 26 27 0 0 0 1 23 11 10 1 1 1 1 25 17 8 1 1 1 2 14 21 23 1 1 1" "poza (3).jpeg 5 2 4 2 5 4 5 4 6 3 3 4 6 3 5 1 5 5 6 4 3 3 6 3 3 1 4 5 4 7 2 5 2 7 4 0 6 2 2 3 2 2 4 6 6 2 5 6 6 4 1 6 4 3 5 4 2 3 6 4 1 3 4 4 5 1 6 4 4 4 1 6 6 2 3 1 2 7 4 7"

python3 disc.py "poza (4).jpeg 7 4 3 3 4 11 1 0 1 1 25 24 23 1 1 1 1 26 22 8 1 0 1 16 4 3 4 1 0 0 2 14 2 4 1 1 1 4 9 7 6 1 1 1 1 21 16 13 1 1 1" "poza (4).jpeg 3 1 4 5 2 3 3 7 4 2 3 2 6 3 2 5 2 5 6 1 5 1 2 0 3 2 3 4 3 3 3 2 2 3 3 6 1 0 7 2 4 2 6 3 4 5 3 4 5 5 5 3 5 4 4 6 4 1 6 2 4 2 6 6 0 5 1 3 7 5 6 2 2 7 3 3 1 3 5 0"

python3 disc.py "poza (5).jpeg 6 16 3 14 16 17 0 0 0 7 29 24 16 0 0 0 1 6 4 2 1 0 1 11 16 16 14 0 0 0 4 14 12 7 0 0 0 3 21 17 10 0 1 0" "poza (5).jpeg 0 6 0 0 0 1 6 1 0 0 0 4 1 1 1 0 2 0 1 0 3 3 4 7 2 4 1 6 4 5 2 3 4 5 3 0 3 4 1 0 6 3 6 4 3 6 1 3 6 5 2 6 2 5 2 1 5 6 3 1 4 4 4 6 4 4 6 3 5 5 1 5 4 7 4 1 6 3 4 3"

python3 disc.py "poza (6).jpeg 7 5 1 5 1 1 0 0 0 5 28 27 27 0 0 0 5 12 6 4 0 0 0 3 21 15 14 0 0 0 8 18 10 7 0 0 0 3 27 19 13 1 0 1 3 28 23 21 0 0 0" "poza (6).jpeg 0 1 5 0 2 2 3 3 5 6 2 4 5 5 5 2 2 4 5 6 4 2 6 2 6 3 2 6 6 6 3 3 7 5 5 4 1 7 6 6 3 2 6 4 7 4 3 5 4 6 3 2 7 3 7 2 3 6 4 7 3 1 3 2 4 3 3 5 5 6 3 5 5 4 6 2 6 5 3 3"

python3 disc.py "poza (7).jpeg 5 19 1 2 8 17 1 0 1 1 13 9 6 1 1 1 25 1 1 1 0 0 0 1 24 22 20 1 1 1 2 2 4 9 1 0 1" "poza (7).jpeg 1 0 2 2 2 0 0 0 0 0 0 0 0 0 0 1 0 1 1 1 4 0 0 1 1 1 1 5 4 4 1 0 2 2 1 1 2 4 1 3 2 0 0 3 3 3 2 3 5 6 3 3 4 2 2 0 0 1 0 1 2 1 6 6 1 4 3 4 5 5 3 1 4 1 1 0 1 1 2 0"

python3 disc.py "poza (8).jpeg 7 9 3 8 8 6 1 0 1 3 11 13 8 0 1 1 4 17 12 8 1 0 0 2 17 18 20 0 1 0 4 23 18 15 1 0 0 9 20 21 14 0 0 1 3 18 17 16 1 1 0" "poza (8).jpeg 3 2 6 5 2 1 5 6 6 3 3 2 7 4 3 3 3 7 3 1 3 3 7 6 3 5 1 5 7 4 4 3 4 6 6 2 4 6 5 1 2 6 5 1 1 4 3 6 6 4 4 3 6 5 3 1 6 5 4 1 3 3 4 6 5 1 4 5 5 6 5 4 3 6 5 2 4 6 7 6"

python3 disc.py "poza (9).jpeg 6 18 4 7 5 4 1 0 0 6 27 26 25 0 0 0 2 17 4 6 0 1 0 4 15 11 8 1 0 0 7 22 18 13 0 0 0 5 27 24 20 0 0 0" "poza (9).jpeg 4 3 4 7 5 3 3 6 6 5 5 3 5 7 3 2 5 7 5 4 2 4 5 5 6 1 6 3 6 5 1 6 3 7 4 0 4 1 1 4 3 1 3 7 3 3 2 4 6 5 1 5 6 6 5 1 3 5 4 5 1 1 1 5 2 3 1 3 7 4 4 3 5 6 5 2 2 6 4 5"

python3 disc.py "poza (10).jpeg 6 7 17 1 2 3 1 0 0 2 28 29 29 1 0 1 1 12 4 2 1 1 1 2 1 3 11 1 0 1 6 9 11 14 1 0 1 1 28 21 14 1 1 1" "poza (10).jpeg 0 5 7 1 0 1 3 6 6 2 1 6 7 1 3 0 6 5 2 3 0 7 7 0 1 1 4 7 6 3 3 2 7 6 4 0 1 5 1 3 1 4 4 4 3 1 1 4 3 7 4 3 4 3 5 0 1 1 1 2 0 0 1 1 1 0 0 2 6 2 2 2 3 5 4 1 3 6 4 3"

python3 disc.py "poza (11).jpeg 5 22 4 4 3 3 0 0 0 13 9 8 7 0 0 0 1 15 10 4 0 0 0 10 16 16 13 0 0 0 2 24 24 24 1 0 0" "poza (11).jpeg 5 0 0 0 0 6 0 4 1 1 6 1 4 5 4 7 0 1 0 0 4 2 5 2 0 2 4 7 6 2 4 3 6 7 3 5 1 2 6 2 0 7 4 3 0 1 5 4 4 2 2 4 6 5 4 3 2 6 5 4 0 1 1 1 0 1 4 5 3 1 1 5 4 6 5 1 3 5 4 5"

python3 disc.py "poza (12).jpeg 7 22 5 29 28 27 0 0 0 2 15 5 1 1 1 0 6 30 26 18 0 0 0 2 23 14 6 0 0 0 8 27 21 12 0 0 0 2 21 9 2 0 1 0 3 27 16 5 0 1 0" "poza (12).jpeg 0 1 7 2 4 2 1 6 2 4 1 1 2 7 4 0 5 0 4 2 1 5 7 2 3 0 6 3 6 6 4 1 5 6 6 1 1 1 3 1 4 1 2 2 2 5 1 6 3 3 4 3 7 1 4 1 1 6 3 4 2 3 4 4 5 0 5 7 1 4 2 3 5 2 3 1 3 4 6 6"
